reset: 20x9
line: (3.104371,2.4335413) (3.104371,3.2685103)
line: (0.9955397,3.2685103) (0.9955397,5.837645)
line: (0.0,5.8483496) (0.0,0.88135576)
line: (0.9955397,0.71008015) (0.9955397,2.4335413)
